# -*- coding: utf-8 -*-

# Run this app with `python app.py` and
# visit http://127.0.0.1:8050/ in your web browser.

import dash
import dash_core_components as dcc
import dash_bootstrap_components as dbc
import dash_html_components as html
from dash.dependencies import Input, Output, State
from dash.exceptions import PreventUpdate
import dash_table
import plotly
import plotly.express as px
import plotly.graph_objects as go
import plotly.figure_factory as ff
import pandas as pd
import datetime
import requests
import base64
import math
from fbprophet import Prophet
import time

### NEW ONES ###
import numpy as np
from scipy.stats import multivariate_normal
# from plotly.subplots import make_subplots
import statsmodels.api as sm
from plotly import subplots

### BACKEND ###
### BACKEND ###
### BACKEND ###


### Elastic Search Functions ###


### Header ###
elastic_url = 'http://159.122.185.120:9200'
index = "adltm.ch.2"
elastic_url = elastic_url + "/" + index + "/_search"

username = "read_only"
password = "read_only"

data = username + ':' + password

encodedBytes = base64.b64encode(data.encode("utf-8"))
new = encodedBytes.decode("utf-8", "ignore")

token = str(new)

header = {
    "Authorization": "Basic " + token,
    "Content-Type": "application/json"
}


# Turns a regular date into a unix time stamp
def time_in_unix_time(date):
    date = datetime.datetime.strptime(date, "%y-%m-%d %H:%M:%S")
    unix_time = time.mktime(date.timetuple())

    return unix_time


# Turns a unix time stamp into a readable time
def unix_time_in_time(unixtime):
    date = datetime.datetime.fromtimestamp(unixtime)
    normal_time = date.strftime('%y-%m-%d %H:%M:%S')

    return normal_time


# Get the temperatures for one timestamp
def es_get_most_current_temps():
    query = {
        "size": 1,
        "query": {
            'match_all': {}
        },
        "sort": [
            {
                "TS": {
                    "order": "desc"
                }
            }
        ]
    }

    r = requests.get(url=elastic_url, headers=header, json=query)
    response = r.json()

    cleaned_data = clean_data(response)
    cleaned_data_w_coor = add_coordinates(cleaned_data)

    return cleaned_data_w_coor


# Input a ts0 and returns the temperatures for the first available ts after (including) ts0
def es_get_specific_temps(ts):
    query = {
        "size": 1,
        "query": {
            "bool": {
                "filter": [
                    {
                        "range": {
                            "TS": {
                                "gte": time_in_unix_time(ts) - 2 * 60
                            }
                        }
                    }
                ]
            }
        },
        "sort": [
            {
                "TS": {
                    "order": "asc"
                }
            }
        ]
    }

    r = requests.get(url=elastic_url, headers=header, json=query)
    response = r.json()

    cleaned_data = clean_data(response)
    cleaned_data_w_coor = add_coordinates(cleaned_data)

    return cleaned_data_w_coor


# Input a ts0 and return the temperatures for the first available ts after (including) ts0 and the previous one
def es_get_diff_ts(ts):
    ts1 = time_in_unix_time(ts)
    ts0 = ts1 - 7 * 60
    query = {
        "size": 2,
        "query": {
            "bool": {
                "filter": [
                    {
                        "range": {
                            "TS": {
                                "gte": ts0
                            }
                        }
                    }
                ]
            }
        },
        "sort": [
            {
                "TS": {
                    "order": "asc"
                }
            }
        ]
    }

    r = requests.get(url=elastic_url, headers=header, json=query)
    response = r.json()

    cleaned_data = clean_data(response)
    transposed_data = cleaned_data.pivot(index='sensorId', columns='TS', values='temp').reset_index()
    transposed_data_w_coor = add_coordinates(transposed_data)
    transposed_data_w_coor['diff'] = transposed_data_w_coor[transposed_data_w_coor.columns[2]] - transposed_data_w_coor[
        transposed_data_w_coor.columns[1]]
    transposed_data_w_coor = transposed_data_w_coor.round({'diff': 1})

    return transposed_data_w_coor


# Elastic search to query for data for Daniel's prophet model
def es_get_data(ts, size, aggregated=False):
    query = {
        "size": size,
        "query": {
            "bool": {
                "filter": [
                    {
                        "range": {
                            "TS": {
                                "gte": time_in_unix_time(ts)
                            }
                        }
                    }
                ]
            }
        },
        "sort": [
            {
                "TS": {
                    "order": "asc"
                }
            }
        ]
    }

    r = requests.get(url=elastic_url, headers=header, json=query)
    response = r.json()

    cleaned_data = clean_data(response)
    no_dups = cleaned_data.drop_duplicates(subset=['sensorId', 'TS'], keep='last')
    transposed_data = no_dups.pivot(index='TS', columns='sensorId', values='temp').reset_index()
    renamed_data = transposed_data.rename(columns=sensorId_to_name_dict)

    if aggregated == False:
        renamed_data['TS'] = pd.to_datetime(renamed_data['TS'], yearfirst=True)
        renamed_data = renamed_data.set_index('TS', drop=True, verify_integrity=True)
        return renamed_data
    else:
        region_df = convert_to_regions(renamed_data)
        return region_df


# Query for one day
def es_get_specific_day(day):
    end = day + datetime.timedelta(hours=23, minutes=59, seconds=59)
    query = {
        "size": 288,
        "query": {
            "bool": {
                "filter": [
                    {
                        "range": {
                            "TS": {
                                "gte": time_in_unix_time(str(day)[2:]),
                                "lte": time_in_unix_time(str(end)[2:])
                            }
                        }
                    }
                ]
            }
        },
        "sort": [
            {
                "TS": {
                    "order": "asc"
                }
            }
        ]
    }

    r = requests.get(url=elastic_url, headers=header, json=query)
    response = r.json()

    return response


# Takes a number of days and whether or not the data should be aggregated into regions and return the df
def es_get_last_days(days, aggregated=False):
    days = int(days)

    cleaned_data = pd.DataFrame()

    end_date = datetime.datetime.today().replace(microsecond=0)
    start_date = end_date - datetime.timedelta(days=days)

    while True:
        if start_date < end_date:
            data = es_get_specific_day(start_date)
            new_cleaned_data = clean_data(data)
            cleaned_data = cleaned_data.append(new_cleaned_data, ignore_index=True)

            start_date = start_date + datetime.timedelta(days=1)
        else:
            break

    no_dups = cleaned_data.drop_duplicates(subset=['sensorId', 'TS'], keep='last')
    transposed_data = no_dups.pivot(index='TS', columns='sensorId', values='temp').reset_index()
    renamed_data = transposed_data.rename(columns=sensorId_to_name_dict)

    if aggregated == False:
        renamed_data['TS'] = pd.to_datetime(renamed_data['TS'], yearfirst=True)
        renamed_data = renamed_data.set_index('TS', drop=True, verify_integrity=True)
        return renamed_data
    else:
        region_df = convert_to_regions(renamed_data)
        return region_df


# Turn number of days into the corresponding number of ts
def days_into_size(days):
    return days * 24 * 60 / 5


# Takes a df and return a subset of the df that can be used for Daniel's  model
def get_sub_df(df, sub):
    new_df = df[sub].copy()
    new_df = new_df.reset_index(level=0, inplace=False)
    new_df = new_df.rename(columns={"TS": "ds", sub: "y"})

    return new_df


# Cleans the data and puts it into a easy to work with dataframe
def clean_data(json_data):
    datahits = json_data['hits']['hits']

    data_with_ts = pd.DataFrame()

    for i in range(0, len(datahits)):
        temporary = pd.DataFrame.from_dict(datahits[i]["_source"]["Values"])
        temporary["TS"] = unix_time_in_time(datahits[i]["_source"]["TS"])
        data_with_ts = data_with_ts.append(temporary)

    return data_with_ts


# Aggregates df into 3x6 regions
def convert_to_regions(dataframe):
    dict_col_name = {}

    for col in dataframe.columns:
        try:
            sensor_col, sensor_row = col[:1], int(col[1:])
        except:
            continue
        temp_name = 'r' + sensor_col + str(math.ceil(sensor_row / 7))
        if temp_name not in dict_col_name:
            dict_col_name[temp_name] = []
        dict_col_name[temp_name].append(col)

    region_df = pd.DataFrame()

    for region in dict_col_name:
        region_df[region] = dataframe[dict_col_name[region]].mean(axis=1)

    region_df['TS'] = dataframe['TS']
    region_df['TS'] = pd.to_datetime(region_df['TS'], yearfirst=True)
    region_df = region_df.set_index('TS', drop=True, verify_integrity=True)

    region_df = region_df.sort_index(axis=1)

    return region_df


name_to_sensorId_dict = {
    "A1": "28.2650D30B0000",
    "A2": "28.F910D40B0000",
    "A3": "28.F610D40B0000",
    "A4": "28.294DD40B0000",
    "A5": "28.7A5FD40B0000",
    "A6": "28.02CAD30B0000",
    "A7": "28.6242D40B0000",
    "A8": "28.188FD30B0000",
    "A9": "28.688ED30B0000",
    "A10": "28.EA10D40B0000",
    "A11": "28.9074D30B0000",
    "A12": "28.1556D40B0000",
    "A13": "28.AE49D40B0000",
    "A14": "28.9E6BD40B0000",
    "A15": "28.6DD9D30B0000",
    "A16": "28.4ECAD30B0000",
    "A17": "28.635FD40B0000",
    "A18": "28.1B50D30B0000",
    "A19": "28.02B6D40B0000",
    "A20": "28.655FD40B0000",
    "A21": "28.12D9D30B0000",
    "A22": "28.31CAD30B0000",
    "A23": "28.D249D40B0000",
    "A24": "28.49CAD30B0000",
    "A25": "28.F6B5D40B0000",
    "A26": "28.8DD5D30B0000",
    "A27": "28.796FD40B0000",
    "A28": "28.1A50D30B0000",
    "A29": "28.2056D40B0000",
    "A30": "28.A62BD40B0000",
    "A31": "28.868ED30B0000",
    "A32": "28.70D9D30B0000",
    "A33": "28.B1BAD40B0000",
    "A34": "28.C649D40B0000",
    "A35": "28.C4CAD30B0000",
    "A36": "28.79D9D30B0000",
    "A37": "28.F6DCD30B0000",
    "A38": "28.C850D30B0000",
    "A39": "28.60E6D30B0000",
    "A40": "28.3C5ED40B0000",
    "A41": "28.BB2BD40B0000",
    "A42": "28.6B42D40B0000",
    "B1": "28.024CD30B0000",
    "B2": "28.8F8ED30B0000",
    "B3": "28.51E6D30B0000",
    "B4": "28.305ED40B0000",
    "B5": "28.BFDCD30B0000",
    "B6": "28.0943D40B0000",
    "B7": "28.27B6D40B0000",
    "B8": "28.21F7D30B0000",
    "B9": "28.25CAD30B0000",
    "B10": "28.2ACAD30B0000",
    "B11": "28.F7B5D40B0000",
    "B12": "28.BE2BD40B0000",
    "B13": "28.3F73D40B0000",
    "B14": "28.54E6D30B0000",
    "B15": "28.5C8ED30B0000",
    "B16": "28.C72BD40B0000",
    "B17": "28.AF2BD40B0000",
    "B18": "28.1ECAD30B0000",
    "B19": "28.EAB5D40B0000",
    "B20": "28.1456D40B0000",
    "B21": "28.926BD40B0000",
    "B22": "28.0A74D30B0000",
    "B23": "28.950AD40B0000",
    "B24": "28.E110D40B0000",
    "B25": "28.A7DCD30B0000",
    "B26": "28.EC84D30B0000",
    "B27": "28.585FD40B0000",
    "B28": "28.096CD40B0000",
    "B29": "28.4E4BD30B0000",
    "B30": "28.074CD30B0000",
    "B31": "28.FAF5D30B0000",
    "B32": "28.2750D30B0000",
    "B33": "28.B7CAD30B0000",
    "B34": "28.6E6FD40B0000",
    "B35": "28.6D6FD40B0000",
    "B36": "28.F6C9D30B0000",
    "B37": "28.3F5ED40B0000",
    "B38": "28.BB74D30B0000",
    "B39": "28.EBF5D30B0000",
    "B40": "28.9774D30B0000",
    "B41": "28.185ED40B0000",
    "B42": "28.4A73D40B0000",
    "C1": "28.09F7D30B0000",
    "C2": "28.4B73D40B0000",
    "C3": "28.C949D40B0000",
    "C4": "28.0C6CD40B0000",
    "C5": "28.0D0AD40B0000",
    "C6": "28.DE10D40B0000",
    "C7": "28.9B6BD40B0000",
    "C8": "28.0556D40B0000",
    "C9": "28.19CAD30B0000",
    "C10": "28.ED10D40B0000",
    "C11": "28.0211D40B0000",
    "C12": "28.834BD30B0000",
    "C13": "28.A76BD40B0000",
    "C14": "28.CA2BD40B0000",
    "C15": "28.36CAD30B0000",
    "C16": "28.792CD30B0000",
    "C17": "28.D210D40B0000",
    "C18": "28.838ED30B0000",
    "C19": "28.BD49D40B0000",
    "C20": "28.9549D40B0000",
    "C21": "28.1B5ED40B0000",
    "C22": "28.6CE6D30B0000",
    "C23": "28.FAF6D30B0000",
    "C24": "28.FA54D40B0000",
    "C25": "28.C074D30B0000",
    "C26": "28.3E0AD40B0000",
    "C27": "28.FD6BD40B0000",
    "C28": "28.275ED40B0000",
    "C29": "28.842CD30B0000",
    "C30": "28.13DCD30B0000",
    "C31": "28.E5F6D30B0000",
    "C32": "28.D14DD40B0000",
    "C33": "28.5ACAD30B0000",
    "C34": "28.D549D40B0000",
    "C35": "28.5773D40B0000",
    "C36": "28.64D9D30B0000",
    "C37": "28.B474D30B0000",
    "C38": "28.61D9D30B0000",
    "C39": "28.5DE6D30B0000",
    "C40": "28.A449D40B0000",
    "C41": "28.CE23D40B0000",
    "C42": "28.A374D30B0000"
}

sensorId_to_name_dict = {}
for key, value in name_to_sensorId_dict.items():
    sensorId_to_name_dict[value] = key


# Takes an dataframe as an input and returns the ts
def get_timestamp(dataframe):
    ts = dataframe['TS'][0]

    return ts


# Returns the column name of the sensorId provided, named from left to right as A, B, C
def get_sensor_column(sensorId):
    loc = sensorId_to_name_dict[sensorId]
    column = loc[0]
    return column


# Returns the row name of the sensorId provided, counted from the bottom up, starting at 1
def get_sensor_row(sensorId):
    return int(sensorId_to_name_dict[sensorId][1:])


# Takes a sensorId as an input and returns the x and y coordinates
def get_coordinates(sensorId):
    loc = sensorId_to_name_dict[sensorId]
    col, row = loc[0], int(loc[1:])
    return col, row


# Adds two additional columns to the df with the x and y coordinates of the sensors
def add_coordinates(dataframe):
    dataframe['x'] = dataframe.apply(lambda row: get_sensor_column(row['sensorId']), axis=1)
    dataframe['y'] = dataframe.apply(lambda row: get_sensor_row(row['sensorId']), axis=1)
    dataframe = dataframe.sort_values(by=['y', 'x'], ascending=[True, True])

    return dataframe


# Takes dataframe and returns a numpy array that can be used for the create_plotly_ff_heatmap
def create_heatmap_array(dataframe):
    array = dataframe.pivot('y', 'x', 'temp').values

    return array


# Takes dataframe of difference in temp and returns a numpy array that can be used for create_plotly_ff_heatmap_diff
def create_heatmap_diff_array(dataframe):
    array = dataframe.pivot('y', 'x', 'diff').values

    return array


# Takes dataframe as an input and returns x and y lists for
# the axis labels that can be used for the plotly.figure_factory.create_annotated_heatmap
def create_axis_lists(dataframe):
    x_list = dataframe['x'].to_list()
    x_list = list(dict.fromkeys(x_list))
    y_list = dataframe['y'].to_list()
    y_list = list(dict.fromkeys(y_list))
    # y_list.reverse()

    return x_list, y_list


# Takes a dataframe as an input and returns a plotly.graphical_objects heatmap
def create_plotly_go_heatmap(dataframe):
    heatmap = go.Figure(go.Heatmap(
        x=dataframe['x'],
        y=dataframe['y'],
        z=dataframe['temp']))

    return heatmap


# Takes a dataframe as an input and returns a plotly.figure_factory annotated heatmap
def create_plotly_ff_heatmap_abs(dataframe):
    # colorscale_heatmap = [[0, 'rgb(0,67,206)'], [0.5, 'rgb(105,41,196)'],[1, 'rgb(162,25,31)']]
    colorscale_heatmap = [[0, 'rgb(69,137,255)'], [1, 'rgb(250,77,86)']]

    x_list, y_list = create_axis_lists(dataframe)
    heatmap_array = create_heatmap_array(dataframe)
    ts = get_timestamp(dataframe)

    heatmap = ff.create_annotated_heatmap(
        x=x_list,
        y=y_list,
        z=heatmap_array,
        colorscale=colorscale_heatmap,
        xgap=10,
        ygap=1,
        showscale=True
    )

    heatmap.update_layout(
        title=('Absolute temperature at ' + ts),
        xaxis=dict(title='Column', color='black', side='bottom'),
        yaxis=dict(title='Row', autorange="reversed"),
        plot_bgcolor='rgba(0,0,0,0)',
    )

    heatmap.data[0].colorbar = dict(title='Temperature', titleside='right')

    return heatmap


# Takes a dataframe with difference in temps as an input and returns a plotly.figure_factory annotated heatmap
def create_plotly_ff_heatmap_diff(dataframe):
    # colorscale_heatmap = [[0, 'rgb(0,67,206)'], [0.5, 'rgb(105,41,196)'],[1, 'rgb(162,25,31)']]
    max, min = dataframe['diff'].max(), dataframe['diff'].min()
    midpoint = abs(min) / (abs(max) + abs(min))
    colorscale_heatmap = [[0, 'rgb(69,137,255)'], [midpoint, 'rgb(255,255,255)'], [1, 'rgb(250,77,86)']]

    x_list, y_list = create_axis_lists(dataframe)
    heatmap_array = create_heatmap_diff_array(dataframe)
    ts0, ts1 = dataframe.columns[1], dataframe.columns[2]

    heatmap = ff.create_annotated_heatmap(
        x=x_list,
        y=y_list,
        z=heatmap_array,
        autocolorscale=False,
        colorscale=colorscale_heatmap,
        font_colors=['black'],
        xgap=10,
        ygap=1,
        showscale=True
    )

    heatmap.update_layout(
        title=('Changes in temp. between ' + ts0 + ' and ' + ts1),
        xaxis=dict(title='Column', side='bottom'),
        yaxis=dict(title='Row', autorange="reversed"),
        plot_bgcolor='rgba(0,0,0,0)',
    )

    heatmap.data[0].colorbar = dict(title='Temperature Change', titleside='right')

    return heatmap


##### PROPHET #####
##### PROPHET #####
##### PROPHET #####


# Fits Daniel's prophet model
def prophet_fit_model(dataframe, interval_width=0.98, changepoint_range=0.9):
    m = Prophet(daily_seasonality=False, yearly_seasonality=False, weekly_seasonality=False,
                seasonality_mode='multiplicative',
                interval_width=interval_width,
                changepoint_range=changepoint_range)
    m = m.fit(dataframe)
    forecast = m.predict(dataframe)
    forecast['fact'] = dataframe['y'].reset_index(drop=True)

    return forecast


# Returns anomalies based on Daniel's model version 2
def prophet_detect_anomalies(forecast):
    forecasted = forecast[['ds', 'trend', 'yhat', 'yhat_lower', 'yhat_upper', 'fact']].copy()
    # forecast['fact'] = df['y']

    forecasted['anomaly'] = 0
    forecasted.loc[forecasted['fact'] > forecasted['yhat_upper'], 'anomaly'] = 1
    forecasted.loc[forecasted['fact'] < forecasted['yhat_lower'], 'anomaly'] = 1

    return forecasted


# Creates and returns a plotly figure according to Daniel's model version 2
def prophet_get_graph(pred):
    a = pred.loc[pred['anomaly'] == 1, ['ds', 'fact']]  # anomaly

    trace0 = go.Scatter(
        x=pred['ds'],
        y=pred['fact'],
        mode='lines',
        name='Temperature'
    )

    trace1 = go.Scatter(
        x=pred['ds'],
        y=pred['yhat_lower'],
        mode='lines',
        name='Lower Bound'
    )

    trace2 = go.Scatter(
        x=pred['ds'],
        y=pred['yhat_upper'],
        mode='lines',
        name='Higher Bound'
    )

    trace3 = go.Scatter(
        x=a['ds'],
        y=a['fact'],
        mode='markers',
        name='Anomaly'
    )

    data1 = [trace0, trace1, trace2, trace3]
    fig3 = go.Figure(data=data1)

    return fig3


# Returns list of ts for anomalies from the prophet model
def prophet_get_anomaly_ts(anomalies):
    anomalies_ts = anomalies[anomalies['anomaly'] == 1]
    anomalies_ts = pd.DataFrame(index=anomalies_ts['ds'].copy())
    anomalies_ts = anomalies_ts.reset_index()

    return anomalies_ts


##### GAUSSIAN #####
##### GAUSSIAN #####
##### GAUSSIAN #####

# take the difference in temperature between each time stamp for each sensor group
def gaussian_data_manipulation(dataframe):
    npData = np.array(dataframe)
    # get the changes in temperature
    new_npData = npData[1:] - npData[0:-1]

    return new_npData


# Hard coded mean parameters for Andri's model - NEVER LOOK AT THIS, IT'S SECRET
def gaussian_return_mean():
    mean = [3.40659341e-05, 1.31868132e-04, 1.59340659e-04, 5.34798535e-05
        , 2.01465201e-05, 2.71062271e-05, 3.80952381e-05, 1.44322344e-04
        , 1.69597070e-04, 5.56776557e-05, 2.56410256e-05, 1.53846154e-05
        , 4.83516484e-05, 1.28937729e-04, 1.23809524e-04, 4.54212454e-05
        , 3.07692308e-05, 9.89010989e-06]

    return mean


# Hard coded cov parameters for Andri's model - NEVER LOOK AT THIS, IT'S SECRET
def gaussian_return_cov():
    cov = [[0.02719169, 0.0247103, 0.00538927, 0.00166403, 0.00130125, 0.00084622
               , 0.01855269, 0.02123193, 0.00614357, 0.00206514, 0.00040708, 0.00046282
               , 0.01124767, 0.01481579, 0.00493736, 0.00239486, 0.00057597, 0.00023589]
        , [0.0247103, 0.08144764, 0.03388753, 0.00514032, -0.00203963, -0.00425561
               , 0.01817861, 0.05514702, 0.02870606, 0.0020737, -0.00386256, -0.00428179
               , 0.01269326, 0.0337239, 0.01827583, 0.00071801, -0.00311381, -0.00543763]
        , [0.00538927, 0.03388753, 0.06403214, 0.03381796, 0.01276803, 0.00390462
               , 0.00585659, 0.02423579, 0.04469526, 0.02164947, 0.00714213, 0.00406105
               , 0.00595996, 0.01430928, 0.0233916, 0.01183219, 0.00651803, 0.00308332]
        , [0.00166403, 0.00514032, 0.03381796, 0.05352663, 0.0263228, 0.01134512
               , 0.00209921, 0.00210563, 0.02607938, 0.0313033, 0.01637863, 0.01093151
               , 0.00304203, 0.00048591, 0.0089024, 0.01484916, 0.01256515, 0.00974714]
        , [0.00130125, -0.00203963, 0.01276803, 0.0263228, 0.0282219, 0.0166048
               , 0.00165529, -0.00202212, 0.01234681, 0.02174676, 0.01901551, 0.01539407
               , 0.00215644, -0.00066049, 0.00857175, 0.01602876, 0.01635975, 0.01442982]
        , [0.00084622, -0.00425561, 0.00390462, 0.01134512, 0.0166048, 0.03611752
               , 0.00120931, -0.00303793, 0.00506121, 0.01284522, 0.01576842, 0.0147402
               , 0.00142081, -0.00095742, 0.00667942, 0.01271139, 0.01472371, 0.01401537]
        , [0.01855269, 0.01817861, 0.00585659, 0.00209921, 0.00165529, 0.00120931
               , 0.02619054, 0.02513861, 0.00704341, 0.00235419, 0.00071286, 0.00069218
               , 0.01652936, 0.01922356, 0.00496206, 0.00241969, 0.00094595, 0.00053199]
        , [0.02123193, 0.05514702, 0.02423579, 0.00210563, -0.00202212, -0.00303793
               , 0.02513861, 0.07851554, 0.03213649, 0.00220184, -0.00338038, -0.00350383
               , 0.01749358, 0.05229728, 0.02401082, 0.00122151, -0.00233368, -0.00454172]
        , [0.00614357, 0.02870606, 0.04469526, 0.02607938, 0.01234681, 0.00506121
               , 0.00704341, 0.03213649, 0.06664739, 0.0287093, 0.00929999, 0.00545462
               , 0.00653072, 0.0229011, 0.03816196, 0.01914716, 0.00859508, 0.00428091]
        , [0.00206514, 0.0020737, 0.02164947, 0.0313033, 0.02174676, 0.01284522
               , 0.00235419, 0.00220184, 0.0287093, 0.03874142, 0.02068935, 0.01340993
               , 0.002712, 0.00303598, 0.02056199, 0.02483131, 0.01725428, 0.01229816]
        , [0.00040708, -0.00386256, 0.00714213, 0.01637863, 0.01901551, 0.01576842
               , 0.00071286, -0.00338038, 0.00929999, 0.02068935, 0.02423331, 0.01710358
               , 0.00110551, -0.00116496, 0.01135323, 0.01872331, 0.0198548, 0.01565222]
        , [0.00046282, -0.00428179, 0.00406105, 0.01093151, 0.01539407, 0.0147402
               , 0.00069218, -0.00350383, 0.00545462, 0.01340993, 0.01710358, 0.01611497
               , 0.00107116, -0.00128726, 0.00777826, 0.01368636, 0.01603593, 0.01467482]
        , [0.01124767, 0.01269326, 0.00595996, 0.00304203, 0.00215644, 0.00142081
               , 0.01652936, 0.01749358, 0.00653072, 0.002712, 0.00110551, 0.00107116
               , 0.01870008, 0.01747865, 0.00440035, 0.00252027, 0.00135431, 0.00087502]
        , [0.01481579, 0.0337239, 0.01430928, 0.00048591, -0.00066049, -0.00095742
               , 0.01922356, 0.05229728, 0.0229011, 0.00303598, -0.00116496, -0.00128726
               , 0.01747865, 0.06139911, 0.02832799, 0.00385439, 0.00015319, -0.00234917]
        , [0.00493736, 0.01827583, 0.0233916, 0.0089024, 0.00857175, 0.00667942
               , 0.00496206, 0.02401082, 0.03816196, 0.02056199, 0.01135323, 0.00777826
               , 0.00440035, 0.02832799, 0.06185261, 0.02283718, 0.0122981, 0.00652857]
        , [0.00239486, 0.00071801, 0.01183219, 0.01484916, 0.01602876, 0.01271139
               , 0.00241969, 0.00122151, 0.01914716, 0.02483131, 0.01872331, 0.01368636
               , 0.00252027, 0.00385439, 0.02283718, 0.02943048, 0.01872852, 0.01294223]
        , [0.00057597, -0.00311381, 0.00651803, 0.01256515, 0.01635975, 0.01472371
               , 0.00094595, -0.00233368, 0.00859508, 0.01725428, 0.0198548, 0.01603593
               , 0.00135431, 0.00015319, 0.0122981, 0.01872852, 0.02094934, 0.01515228]
        , [0.00023589, -0.00543763, 0.00308332, 0.00974714, 0.01442982, 0.01401537
               , 0.00053199, -0.00454172, 0.00428091, 0.01229816, 0.01565222, 0.01467482
               , 0.00087502, -0.00234917, 0.00652857, 0.01294223, 0.01515228, 0.01516658]]

    return cov


# Hard coded threshold parameters for Andri's model - NEVER LOOK AT THIS, IT'S SECRET
def gaussian_return_threshold():
    threshold = 3.7003561273008696e-34

    return threshold


# Hard coded all Gaussian parameters and returns them: mean, cov, thr - STILL SECRET BUT YOU CAN LOOK AT IT
def gaussian_return_params():
    mean = gaussian_return_mean()
    cov = gaussian_return_cov()
    thr = gaussian_return_threshold()

    return mean, cov, thr


# Creating multi-variate gaussian model
def gaussian_fit_model(mean, cov):
    # multivariate gaussian model
    multivar = multivariate_normal(mean=mean, cov=cov)

    return multivar


# Creating the gaussian probability densities
def gaussian_calculate_prob_densities(npMatrix, multivar_Gaussian):
    probabilityDensities = multivar_Gaussian.pdf(npMatrix)

    return probabilityDensities


# Adding three columns to the df, probDensities, Anomaly, and Threshold
def gaussian_add_columns(dataframe, thr, densities):
    pd_dataframe = pd.DataFrame(dataframe)
    new_dataframe = pd_dataframe.iloc[1:, ]
    new_dataframe["probDensities"] = densities
    new_dataframe["Anomaly"] = new_dataframe["probDensities"] < thr
    new_dataframe["Threshold"] = thr

    return new_dataframe


# Creates new dataframe that only includes the anomalies which can be used for the graph
def gaussian_get_anomalies(dataframe):
    new_dataframe = dataframe[dataframe["Anomaly"] == True]
    new_dataframe["rowMean"] = new_dataframe.iloc[:, 0:18].mean(axis=1)

    return new_dataframe


# Creates and returns the gaussian subplot
def gaussian_get_graph(df_general, df_anomalies):
    trace0 = go.Scatter(
        x=df_general.index,
        y=df_general['rA1'],
        mode='lines',
        name='rA1'
    )

    trace1 = go.Scatter(
        x=df_general.index,
        y=df_general['rA2'],
        mode='lines',
        name='rA2'
    )

    trace2 = go.Scatter(
        x=df_general.index,
        y=df_general['rA3'],
        mode='lines',
        name='rA3'
    )

    trace3 = go.Scatter(
        x=df_general.index,
        y=df_general['rA4'],
        mode='lines',
        name='rA4'
    )

    trace4 = go.Scatter(
        x=df_general.index,
        y=df_general['rA5'],
        mode='lines',
        name='rA5',
    )

    trace5 = go.Scatter(
        x=df_general.index,
        y=df_general['rA6'],
        mode='lines',
        name='rA6'
    )

    trace6 = go.Scatter(
        x=df_general.index,
        y=df_general['rB1'],
        mode='lines',
        name='rB1'
    )

    trace7 = go.Scatter(
        x=df_general.index,
        y=df_general['rB2'],
        mode='lines',
        name='rB2'
    )

    trace8 = go.Scatter(
        x=df_general.index,
        y=df_general['rB3'],
        mode='lines',
        name='rB3'
    )

    trace9 = go.Scatter(
        x=df_general.index,
        y=df_general['rB4'],
        mode='lines',
        name='rB4',
    )

    trace10 = go.Scatter(
        x=df_general.index,
        y=df_general['rB5'],
        mode='lines',
        name='rB5'
    )

    trace11 = go.Scatter(
        x=df_general.index,
        y=df_general['rB6'],
        mode='lines',
        name='rB6'
    )

    trace12 = go.Scatter(
        x=df_general.index,
        y=df_general['rC1'],
        mode='lines',
        name='rC1'
    )

    trace13 = go.Scatter(
        x=df_general.index,
        y=df_general['rC2'],
        mode='lines',
        name='rC2'
    )

    trace14 = go.Scatter(
        x=df_general.index,
        y=df_general['rC3'],
        mode='lines',
        name='rC3',
    )

    trace15 = go.Scatter(
        x=df_general.index,
        y=df_general['rC4'],
        mode='lines',
        name='rC4'
    )

    trace16 = go.Scatter(
        x=df_general.index,
        y=df_general['rC5'],
        mode='lines',
        name='rC5'
    )

    trace17 = go.Scatter(
        x=df_general.index,
        y=df_general['rC6'],
        mode='lines',
        name='rC6'
    )

    trace18 = go.Scatter(
        x=df_anomalies.index,
        y=df_anomalies['rowMean'],
        mode='markers',
        name='Anomaly',
        opacity=0.7,
        marker=dict(
            color='Red',
            size=8,
            line=dict(
                color='Black',
                width=2
            )
        )
    )

    data1_Andri = [trace0, trace1, trace2, trace3, trace4, trace5, trace6, trace7, trace8, trace9, trace10, trace11,
                   trace12, trace13, trace14, trace15, trace16, trace17, trace18]

    trace19 = go.Scatter(
        x=df_general.index,
        y=df_general['probDensities'],
        mode='lines',
        name='Estimated Density',
        line=dict(
            color='Black',
            width=2
        )
    )

    trace20 = go.Scatter(
        x=df_general.index,
        y=df_general["Threshold"],
        mode='lines',
        name='Threshold',
        line=dict(
            color='Red',
            width=4
        )
    )

    data2_Andri = [trace19, trace20]

    fig = subplots.make_subplots(
        rows=2, cols=1,
        subplot_titles=("Temperature of Sensor Groups", "Estimated Probability Densities"),
        row_heights=[0.6, 0.4],
        shared_xaxes=True,
        vertical_spacing=0.05)

    # fig = go.Figure(data = data1_Andri)

    for i in range(19):
        fig.add_trace(data1_Andri[i], row=1, col=1)

    fig.add_trace(data2_Andri[0], row=2, col=1)
    fig.add_trace(data2_Andri[1], row=2, col=1)

    # Update xaxis properties
    fig.update_xaxes(title_text="Date & Time", row=2, col=1)

    # Update yaxis properties
    fig.update_yaxes(title_text="Temperature", row=1, col=1)
    fig.update_yaxes(title_text="Density", type="log", row=2, col=1)

    fig.update_layout(height=800, title_text="Temperature Anomalies in Server Environment")

    return fig


# Returns list of ts for anomalies from the gaussian model
def gaussian_get_anomaly_ts(anomalies):
    anomalies_ts = pd.DataFrame(index=anomalies.index.copy())
    anomalies_ts = anomalies_ts.reset_index()

    return anomalies_ts


### HP FFilter ###
### HP FFilter ###
### HP FFilter ###

# Decompose time series into cycle and trend for HP filter Model
def hp_filter_decomposition(dataframe):
    cycle, trend = sm.tsa.filters.hpfilter(dataframe['y'], 10000)
    dec = pd.DataFrame(dataframe[['ds', 'y']])
    dec["cycle"] = cycle
    dec["trend"] = trend

    return dec


# Calculate error for HP filter Model
def hp_filter_calc_error(dataframe):
    dataframe['err'] = dataframe['y'] - dataframe['trend']

    return dataframe


# Identify anomalies for the HP filter Model
def hp_filter_get_anomalies(dataframe):
    dataframe['up'] = np.zeros(len(dataframe))
    dataframe['low'] = np.zeros(len(dataframe))
    dataframe.loc[dataframe['err'] > 1.2, 'up'] = 1
    dataframe.loc[dataframe['err'] < -1.40, 'low'] = 1

    return dataframe


# DF with anomalies for plot of HP filter Model
def hp_filter_get_anom_list(dataframe):
    anomalies = dataframe.loc[((dataframe['up'] == 1) | (dataframe['low'] == 1)), ['ds', 'err']].reset_index(drop=True)
    anomalies = anomalies.merge(dataframe[['ds', 'y']], on='ds')

    return anomalies


# Create graph for HP filter model including anomalies
def hp_filter_get_graph(df_general, df_anomalies):
    fig = subplots.make_subplots(rows=2, cols=1, shared_xaxes=True)

    fig.data = []

    fig.add_trace(go.Scatter(x=df_general['ds'], y=df_general['y'], mode='lines', name='Temperature'), row=1, col=1)
    fig.add_trace(go.Scatter(x=df_anomalies['ds'], y=df_anomalies['y'], mode='markers', name='Filter anomaly'), row=1,
                  col=1)
    fig.add_trace(go.Scatter(x=df_general['ds'], y=df_general['err'], mode='lines', name='Filter error'), row=2, col=1)
    fig.add_trace(go.Scatter(x=df_anomalies['ds'], y=df_anomalies['err'], mode='markers', name='Filter anomaly'), row=2,
                  col=1)

    return fig


# Returns list of ts for anomalies from the hp filter model
def hp_filter_get_anomaly_ts(anomalies):
    anomalies_ts = pd.DataFrame(index=anomalies['ds'].copy())
    anomalies_ts = anomalies_ts.reset_index()

    return anomalies_ts


### FRONTEND ###
### FRONTEND ###
### FRONTEND ###


# external_stylesheets = ['https://codepen.io/chriddyp/pen/bWLwgP.css']
# external_stylesheets = [dbc.themes.MINTY]
external_stylesheets = [dbc.themes.BOOTSTRAP]
# external_stylesheets = ['https://codepen.io/chriddyp/pen/bWLwgP.css']
# external_stylesheets = ['https://unpkg.com/carbon-components/css/carbon-components.min.css']

app = dash.Dash(__name__, external_stylesheets=external_stylesheets, suppress_callback_exceptions=True)
# app = dash.Dash(__name__, suppress_callback_exceptions=True)


##### NEW FRONTEND START #####
##### NEW FRONTEND START #####
##### NEW FRONTEND START #####


# the style arguments for the sidebar. We use position:fixed and a fixed width
SIDEBAR_STYLE = {
    "position": "fixed",
    "top": 0,
    "left": 0,
    "bottom": 0,
    "width": "16rem",
    "padding": "2rem 1rem",
    "background-color": "#f8f9fa",
}

# the styles for the main content position it to the right of the sidebar and
# add some padding.
CONTENT_STYLE = {
    "margin-left": "18rem",
    "margin-right": "2rem",
    "padding": "2rem 1rem",
}

sidebar = html.Div(
    [
        html.H2("IBM RACK TEMPERATURE", className="display-5"),
        html.Hr(),
        html.P(
            "A simple sidebar layout with navigation links", className="lead"
        ),
        dbc.Nav(
            [
                dbc.NavLink("Dashboard", href="/page-1", id="page-1-link", external_link=True, active="exact"),
                dbc.NavLink("Heatmap", href="/page-2", id="page-2-link", external_link=True, active="exact"),
                dbc.NavLink("Anomalies", href="/page-3", id="page-3-link", external_link=True, active="exact"),
                dbc.NavLink("About", href="/page-4", id="page-4-link", external_link=True, active="exact"),
            ],
            vertical=True,
            pills=True,
        ),
    ],
    style=SIDEBAR_STYLE,
)

tab_dashboard = html.Div([
    dbc.Col([
        html.Div([
            dcc.Graph(
                id='live-update-heatmap-graph',
                style={'height': '90vh'}
            ),
            dcc.Interval(
                id='interval-component',
                interval=10 * 1000,  # in milliseconds
                n_intervals=0
            ),
        ])
    ]),
    dbc.Col([
        dcc.Graph(
            id='',
            style={'height': '90vh'}
        ),
    ])
], style={'columnCount': 2})

tab_heatmap = html.Div([
    dbc.Row([
        html.Div([
            dcc.Input(
                id='input_ts',
                type='text',
                placeholder='yy-mm-dd HH:MM:SS'
            ),
            html.Button(
                id='submit-ts-button-state',
                children='Submit'),
        ]),
    ]),
    dbc.Row([
        dbc.Col([
            dcc.Graph(
                id='user-ts-heatmap-abs-graph',
                style={'height': '80vh'}
            ),
        ]),
        dbc.Col([
            dcc.Graph(
                id='user-ts-heatmap-diff-graph',
                style={'height': '80vh'}
            ),
        ]),
    ], style={'columnCount': 2}),
])

tab_anomalies = html.Div([
    html.Div(
        id='anomaly-dropdown-holder',
        # style={'display': 'none'}
    ),
    html.Div([
        dbc.Row([
            dbc.Col([
                html.H5(
                    'Pick a model:'
                ),
                dcc.Dropdown(
                    id='anomaly-model-dropdown',
                    options=[
                        {'label': 'Multivariate Gaussian Model', 'value': 'gaussian'},
                        {'label': 'HP Filter Model', 'value': 'hp_filter'},
                        {'label': 'Prophet Model', 'value': 'prophet'}
                    ]
                )
            ]),
            dbc.Col([
                html.H5(
                    'Pick a time frame:'
                ),
                dcc.Dropdown(
                    id='anomaly-days-dropdown',
                    options=[
                        {'label': 'Last day', 'value': '1'},
                        {'label': 'Last 7 days', 'value': '7'},
                        {'label': 'Last 30 days', 'value': '30'}
                    ],
                ),
            ]),
            dbc.Col([
                html.H5(
                    'Select a Sensor or Region:'
                ),
                dcc.Input(
                    id='anomaly-sensor-input',
                    type='text',
                    placeholder='Sensor (e.g. "A1") or Region (e.g. "rA1")',
                    style={'width': '100%'}
                ),
            ], align='center'),
            dbc.Col([
                html.H5('Get results:'),
                html.Button(
                    id='anomaly-submit-button',
                    children='Submit'
                ),
            ], align='center')
        ], style={'columnCount': 3}),
        dbc.Row([
            dcc.Graph(
                id='anomaly-output-graph',
                style={'height': 700, 'width': '100%'}
            )
        ]),
    ], style={'height': '100vh'}),
    html.Div([
        dbc.Row([
            html.Div([
                html.H5(
                    'Select a Timestamp:'
                ),
                dcc.Dropdown(
                    id='anomaly-heatmap-dropdown',
                    placeholder='Select a timestamp',
                    style={'width': '120%'}
                )
            ]),
        ]),
        dbc.Row([
            dbc.Col([
                dcc.Graph(
                    id='anomaly-heatmap-abs-graph',
                    style={'height': '80vh'}
                ),
            ]),
            dbc.Col([
                dcc.Graph(
                    id='anomaly-heatmap-diff-graph',
                    style={'height': '80vh'}
                ),
            ]),
        ], style={'columnCount': 2})
    ]),
])

tab_about = html.Div([
    dbc.Jumbotron(
        [
            dbc.Container(
                [
                    html.H1("About this Tool", className="display-3"),
                    html.P(
